0.0031816959381103516
0.0032122135162353516
0.0034296512603759766
0.0029730796813964844
0.0029845237731933594
0.003367900848388672
0.002619504928588867
0.0025687217712402344
0.0025947093963623047
0.0033919811248779297
0.002963542938232422
0.0028154850006103516
0.0024750232696533203
0.002753734588623047
0.002880573272705078
0.0036840438842773438
0.0028519630432128906
0.0028433799743652344
0.0032787322998046875
0.003434419631958008
0.0028350353240966797
0.003319978713989258
0.0027620792388916016
0.0030384063720703125
0.002970457077026367
0.0030584335327148438
0.003448009490966797
0.002816915512084961
0.003689289093017578
0.0031599998474121094
0.003170013427734375
0.0037500858306884766
0.0029535293579101562
0.003208637237548828
0.003065824508666992
0.004033565521240234
0.0026345252990722656
0.0031173229217529297
0.002525806427001953
0.002427816390991211
0.003682374954223633
0.002862215042114258
0.0024433135986328125
0.0022394657135009766
0.002275705337524414
0.002198934555053711
0.0021610260009765625
0.002107858657836914
0.00374603271484375
0.0024251937866210938
0.0025000572204589844
0.0026612281799316406
0.0025038719177246094
0.002402067184448242
0.002349853515625
0.0027000904083251953
0.002471923828125
0.0022056102752685547
0.0023152828216552734
0.002149343490600586
0.002277374267578125
0.0023221969604492188
0.002493143081665039
0.003918886184692383
0.002180337905883789
0.0022895336151123047
0.002164602279663086
0.0025568008422851562
0.0027441978454589844
0.0024116039276123047
0.0028209686279296875
0.0022552013397216797
0.0021288394927978516
0.0024650096893310547
0.0022857189178466797
0.003719806671142578
0.0024819374084472656
0.003135204315185547
0.0024645328521728516
0.0022821426391601562
0.0023005008697509766
0.0023555755615234375
0.0022759437561035156
0.002141714096069336
0.002110004425048828
0.003098011016845703
0.002138376235961914
0.0021750926971435547
0.002201557159423828
0.0035653114318847656
0.0023784637451171875
0.0023779869079589844
0.002460002899169922
0.0023756027221679688
0.0023403167724609375
0.0027251243591308594
0.002786397933959961
0.0033969879150390625
0.0027298927307128906
0.0025756359100341797
0.0024695396423339844
0.002310037612915039
0.002155303955078125
0.002300262451171875
0.002293825149536133
0.0020933151245117188
0.0020093917846679688
0.002265453338623047
0.0023810863494873047
0.002627849578857422
0.0026199817657470703
0.0028841495513916016
0.0026552677154541016
0.0023126602172851562
0.0021584033966064453
0.002466917037963867
0.002309560775756836
0.002466440200805664
0.002237558364868164
0.001998424530029297
0.0021622180938720703
0.002229928970336914
0.0024309158325195312
0.0021708011627197266
0.0027348995208740234
0.002629995346069336
0.003608226776123047
0.002663850784301758
0.002428293228149414
0.0025920867919921875
0.0024831295013427734
0.0030689239501953125
0.0028769969940185547
0.003987312316894531
0.0026962757110595703
0.0024862289428710938
0.0027611255645751953
0.002750396728515625
0.0027618408203125
0.004103422164916992
0.0026166439056396484
0.002557039260864258
0.0023267269134521484
0.003980875015258789
0.0023202896118164062
0.002651214599609375
0.002305269241333008
0.0022177696228027344
0.0021142959594726562
0.002629518508911133
0.002901315689086914
0.002591848373413086
0.002489328384399414
0.002444028854370117
0.0023441314697265625
0.0024194717407226562
0.002542734146118164
0.0026628971099853516
0.002722501754760742
0.0028960704803466797
0.002469301223754883
0.002488851547241211
0.0026040077209472656
0.0025081634521484375
0.0022728443145751953
0.0022361278533935547
0.0022215843200683594
0.002178192138671875
0.0022652149200439453
0.002136707305908203
0.002173185348510742
0.002203702926635742
0.002167224884033203
0.0021660327911376953
0.0022819042205810547
0.0021979808807373047
0.00217437744140625
0.0021104812622070312
0.002054929733276367
0.0021817684173583984
0.0024461746215820312
0.0020270347595214844
0.0021796226501464844
0.0023758411407470703
0.002408266067504883
0.002646923065185547
0.0021812915802001953
0.002145528793334961
0.0032501220703125
0.002351522445678711
0.002089262008666992
0.002306222915649414
0.0025589466094970703
0.002351045608520508
0.002169370651245117
0.0022716522216796875
0.003027677536010742
0.0027425289154052734
0.00226593017578125
0.002222776412963867
0.003114461898803711
0.002324819564819336
0.0022058486938476562
0.0020837783813476562
0.0023527145385742188
0.002183675765991211
0.002227783203125
0.002324342727661133
0.003050565719604492
0.0027327537536621094
0.002604246139526367
0.0027222633361816406
0.002740621566772461
0.0028238296508789062
0.003341197967529297
0.002516508102416992
0.002267599105834961
0.002326488494873047
0.0025234222412109375
0.0032372474670410156
0.0025777816772460938
0.0032243728637695312
0.0024411678314208984
0.0022470951080322266
0.0024747848510742188
0.0024247169494628906
0.004322528839111328
0.0026764869689941406
0.0032885074615478516
0.002698659896850586
0.002629995346069336
0.002683877944946289
0.0028345584869384766
0.002441883087158203
0.002791166305541992
0.0035250186920166016
0.002644777297973633
0.002537250518798828
0.002515554428100586
0.003310680389404297
0.002230405807495117
0.0022897720336914062
0.004175424575805664
0.0026171207427978516
0.0027680397033691406
0.002640247344970703
0.0024917125701904297
0.0026617050170898438
0.002655506134033203
0.0024111270904541016
0.002389669418334961
0.003543376922607422
0.002663850784301758
0.002413511276245117
0.0024449825286865234
0.002396821975708008
0.002332448959350586
0.0026586055755615234
0.003492593765258789
0.0027587413787841797
0.002640247344970703
0.0022399425506591797
0.002197265625
0.0021898746490478516
0.0021135807037353516
0.003380298614501953
0.0027322769165039062
0.002393484115600586
0.0026357173919677734
0.0022878646850585938
0.002366781234741211
0.0025146007537841797
0.002167224884033203
0.0023317337036132812
0.002620697021484375
0.002641439437866211
0.002436399459838867
0.0025954246520996094
0.0025968551635742188
0.002368450164794922
0.0029294490814208984
0.004161357879638672
0.002499818801879883
0.0021467208862304688
0.0024077892303466797
0.00249481201171875
0.0030107498168945312
0.0023186206817626953
0.0029201507568359375
0.002624988555908203
0.002332448959350586
0.002336740493774414
0.002321958541870117
0.0031049251556396484
0.0024428367614746094
0.002238035202026367
0.0023572444915771484
0.002802133560180664
0.002527952194213867
0.0022706985473632812
0.0026063919067382812
0.0023026466369628906
0.002147197723388672
0.002482175827026367
0.004541873931884766
0.002331256866455078
0.002641916275024414
0.0028884410858154297
0.0024139881134033203
0.002233743667602539
0.002354145050048828
0.0023620128631591797
0.002538442611694336
0.0025510787963867188
0.0023527145385742188
0.002847909927368164
0.0021414756774902344
0.0024623870849609375
0.002149820327758789
0.003210783004760742
0.0023941993713378906
0.00241851806640625
0.0027039051055908203
0.0025010108947753906
0.002362966537475586
0.0024137496948242188
0.0021638870239257812
0.00413823127746582
0.0028595924377441406
0.0023941993713378906
0.002527475357055664
0.002302885055541992
0.003839254379272461
0.003331899642944336
0.0024836063385009766
0.002466440200805664
0.002287626266479492
0.002605438232421875
0.0024480819702148438
0.0023708343505859375
0.0028541088104248047
0.0022804737091064453
0.0027878284454345703
0.002617359161376953
0.0026230812072753906
0.003736257553100586
0.0029840469360351562
0.0031311511993408203
0.0028281211853027344
0.0032799243927001953
0.0025866031646728516
0.002451658248901367
0.0023860931396484375
0.00252532958984375
0.0025479793548583984
0.002344369888305664
0.0026094913482666016
0.0034983158111572266
0.0026040077209472656
0.0030965805053710938
0.002504110336303711
0.002444744110107422
0.0027124881744384766
0.002478361129760742
0.0022323131561279297
0.002266407012939453
0.002138376235961914
0.0023527145385742188
0.0021741390228271484
0.0023086071014404297
0.0022711753845214844
0.002583026885986328
0.002392292022705078
0.0024034976959228516
0.002190113067626953
0.0021581649780273438
0.002306699752807617
0.0034360885620117188
0.0025510787963867188
0.0022780895233154297
0.002183675765991211
0.002303600311279297
0.0024101734161376953
0.0023126602172851562
0.0022268295288085938
0.0026679039001464844
0.0023543834686279297
0.0022521018981933594
0.00484013557434082
0.0023207664489746094
0.002165555953979492
0.0021011829376220703
0.001985311508178711
0.00397801399230957
0.0024001598358154297
0.0021452903747558594
0.002530813217163086
0.0023577213287353516
0.004011869430541992
0.002320528030395508
