0.002317190170288086
0.002501249313354492
0.002134084701538086
0.0022399425506591797
0.0022382736206054688
0.0022246837615966797
0.0020759105682373047
0.002141714096069336
0.0021753311157226562
0.002162456512451172
0.002168893814086914
0.002185344696044922
0.0022127628326416016
0.0023009777069091797
0.002376079559326172
0.002227783203125
0.0022284984588623047
0.0024480819702148438
0.0023136138916015625
0.002374410629272461
0.0021932125091552734
0.0020904541015625
0.003361940383911133
0.0022268295288085938
0.002192974090576172
0.0022165775299072266
0.0022830963134765625
0.0021729469299316406
0.0022869110107421875
0.002141237258911133
0.0022363662719726562
0.002263307571411133
0.002155780792236328
0.0021517276763916016
0.0023572444915771484
0.0021278858184814453
0.002325773239135742
0.0022153854370117188
0.0023860931396484375
0.0022864341735839844
0.0022461414337158203
0.002313852310180664
0.0021317005157470703
0.0021674633026123047
0.002202272415161133
0.002104520797729492
0.002186298370361328
0.0021996498107910156
0.002197742462158203
0.0021131038665771484
0.002320528030395508
0.0022568702697753906
0.002215862274169922
0.0020546913146972656
0.002070903778076172
0.0023040771484375
0.002255678176879883
0.0022668838500976562
0.002297639846801758
0.002411365509033203
0.002189159393310547
0.002248525619506836
0.0021669864654541016
0.0023152828216552734
0.0022704601287841797
0.002211332321166992
0.0023195743560791016
0.0023114681243896484
0.0021779537200927734
0.002322673797607422
0.0022509098052978516
0.0021126270294189453
0.0027933120727539062
0.002260446548461914
0.0022690296173095703
0.002294778823852539
0.002072572708129883
0.002183675765991211
0.0023345947265625
0.0024466514587402344
0.0023527145385742188
0.002301454544067383
0.002474546432495117
0.002485513687133789
0.0023670196533203125
0.0022144317626953125
0.002156972885131836
0.0021622180938720703
0.0021512508392333984
0.002139568328857422
0.0023665428161621094
0.002419710159301758
0.0021452903747558594
0.0021626949310302734
0.002310514450073242
0.0021333694458007812
0.0021278858184814453
0.0021114349365234375
0.0020875930786132812
0.0023148059844970703
0.0022945404052734375
0.0023550987243652344
0.0020661354064941406
0.0021033287048339844
0.0021011829376220703
0.002262115478515625
0.002183675765991211
0.0024352073669433594
0.0023877620697021484
0.0023424625396728516
0.002534151077270508
0.0023450851440429688
0.002365589141845703
0.002226114273071289
0.0022971630096435547
0.002227306365966797
0.0024945735931396484
0.002414703369140625
0.0021615028381347656
0.0022706985473632812
0.002321958541870117
0.0023169517517089844
0.0027451515197753906
0.0022988319396972656
0.0022673606872558594
0.002414703369140625
0.002323150634765625
0.002287626266479492
0.0023772716522216797
0.002457857131958008
0.002298116683959961
0.0022499561309814453
0.002147197723388672
0.002323150634765625
0.0022492408752441406
0.0024170875549316406
0.0023565292358398438
0.002226114273071289
0.0022478103637695312
0.0023534297943115234
0.0023186206817626953
0.002153635025024414
0.0023195743560791016
0.0022745132446289062
0.002574920654296875
0.0022301673889160156
0.0023822784423828125
0.002225160598754883
0.002474069595336914
0.0023839473724365234
0.0023713111877441406
0.0026977062225341797
0.002244710922241211
0.0022530555725097656
0.002260923385620117
0.002287149429321289
0.0021893978118896484
0.002230405807495117
0.0023682117462158203
0.0021975040435791016
0.0025589466094970703
0.002470254898071289
0.002482891082763672
0.002304553985595703
0.0021796226501464844
0.0022459030151367188
0.002275705337524414
0.0021076202392578125
0.0022928714752197266
0.002248048782348633
0.0025186538696289062
0.0023610591888427734
0.0028493404388427734
0.002504587173461914
0.002197742462158203
0.0022771358489990234
0.002222776412963867
0.0022492408752441406
0.002227306365966797
0.002230405807495117
0.002202749252319336
0.002324342727661133
0.002239704132080078
0.002352476119995117
0.0022368431091308594
0.0023648738861083984
0.0023517608642578125
0.002360820770263672
0.0022101402282714844
0.00237274169921875
0.002276897430419922
0.002514362335205078
0.0021800994873046875
0.0021283626556396484
0.002164125442504883
0.002187967300415039
0.0024652481079101562
0.002206563949584961
0.0022203922271728516
0.002449512481689453
0.0023636817932128906
0.0024530887603759766
0.002363443374633789
0.0023975372314453125
0.002480745315551758
0.0022962093353271484
0.0021796226501464844
0.0023751258850097656
0.002133607864379883
0.002186298370361328
0.002366304397583008
0.002308368682861328
0.0023469924926757812
0.002331972122192383
0.002278566360473633
0.0023965835571289062
0.0024747848510742188
0.0021407604217529297
0.002515554428100586
0.002259492874145508
0.002508878707885742
0.002330780029296875
0.0031473636627197266
0.0024750232696533203
0.0024166107177734375
0.0024080276489257812
0.0023512840270996094
0.002335071563720703
0.002344369888305664
0.0026476383209228516
0.002344846725463867
0.0023834705352783203
0.002361774444580078
0.0023860931396484375
0.0024394989013671875
0.002295255661010742
0.0024573802947998047
0.002196073532104492
0.0024666786193847656
0.002394437789916992
0.002279520034790039
0.0023086071014404297
0.002681732177734375
0.0022771358489990234
0.002250194549560547
0.0023620128631591797
0.0023031234741210938
0.0023801326751708984
0.0023615360260009766
0.002449512481689453
0.002244234085083008
0.0024216175079345703
0.0023725032806396484
0.0023925304412841797
0.0023920536041259766
0.0025758743286132812
0.0023877620697021484
0.0023980140686035156
0.0022318363189697266
0.0024271011352539062
0.002198934555053711
0.00232696533203125
0.002302408218383789
0.002200603485107422
0.0023152828216552734
0.0024514198303222656
0.0023620128631591797
0.0025675296783447266
0.002233743667602539
0.0022656917572021484
0.002099752426147461
0.002099275588989258
0.0022170543670654297
0.0022110939025878906
0.0021440982818603516
0.002186298370361328
0.0022017955780029297
0.0021560192108154297
0.0021712779998779297
0.002252340316772461
0.0022852420806884766
0.0021851062774658203
0.0021948814392089844
0.002232789993286133
0.0023539066314697266
0.002367258071899414
0.0022110939025878906
0.002401590347290039
0.002406597137451172
0.0023763179779052734
0.0023832321166992188
0.002277374267578125
0.0022830963134765625
0.002338886260986328
0.002386808395385742
0.002330303192138672
0.0023047924041748047
0.0022635459899902344
0.0023741722106933594
0.002370595932006836
0.002315044403076172
0.0021347999572753906
0.002304553985595703
0.0023441314697265625
0.002256631851196289
0.0022897720336914062
0.0022640228271484375
0.00222015380859375
0.002384662628173828
0.0022919178009033203
0.0022478103637695312
0.0022907257080078125
0.002388477325439453
0.002457141876220703
0.0024864673614501953
0.0025081634521484375
0.0028891563415527344
0.002317667007446289
0.00238800048828125
0.0024569034576416016
0.0023779869079589844
0.0023543834686279297
0.0023229122161865234
0.0023550987243652344
0.0023145675659179688
0.002544403076171875
0.002410411834716797
0.0025548934936523438
0.0025987625122070312
0.002546548843383789
0.002404928207397461
0.0023546218872070312
0.0028162002563476562
0.0028083324432373047
0.0022735595703125
0.002248525619506836
0.0024309158325195312
0.0022706985473632812
0.0023186206817626953
0.0021753311157226562
0.0022711753845214844
0.0025069713592529297
0.0023114681243896484
0.0024785995483398438
0.002448558807373047
0.0025315284729003906
0.0022962093353271484
0.0023474693298339844
0.0023021697998046875
0.002331256866455078
0.0022916793823242188
0.0021889209747314453
0.002172231674194336
0.0022592544555664062
0.0024309158325195312
0.0024318695068359375
0.0022077560424804688
0.002289295196533203
0.002306222915649414
0.0023207664489746094
0.0026340484619140625
0.0021924972534179688
0.002149820327758789
0.0025708675384521484
0.0024116039276123047
0.0023894309997558594
0.003907680511474609
0.0022504329681396484
0.002323150634765625
0.0022439956665039062
0.0024862289428710938
0.002428770065307617
0.002275228500366211
0.002581357955932617
0.0023124217987060547
0.0024328231811523438
0.0024335384368896484
0.0023679733276367188
0.0024285316467285156
0.0023164749145507812
0.0022766590118408203
0.0025177001953125
0.0021314620971679688
0.0021817684173583984
0.0021927356719970703
0.002496957778930664
0.0023272037506103516
0.002275228500366211
0.002588033676147461
0.002125978469848633
0.002271413803100586
0.002236604690551758
0.0023336410522460938
0.002482891082763672
0.002459287643432617
0.0023660659790039062
0.0023050308227539062
0.002309560775756836
0.002232789993286133
0.002254962921142578
